5347
815
204
714
554
236
331
946
429
754
81
16
321
876
611
89
111
867
840
943
552
41
191
619
353
429
357
952
497
488
847
99
483
583
638
148
162
189
538
215
852
746
131
556
228
283
769
211
33
527
585
219
158
98
62
819
203
606
127
788
604
171
223
262
472
435
122
290
958
605
608
396
174
612
317
701
939
78
22
924
116
415
168
882
935
704
9
925
939
437
517
64
867
347
617
492
512
149
228
566
808
41
218
533
165
365
591
615
845
758
757
113
761
336
562
11
694
15
14
816
725
469
388
300
906
96
399
855
739
517
995
376
853
430
164
171
78
917
152
508
926
838
527
445
368
791
547
813
893
95
44
410
661
894
800
937
879
131
591
612
818
786
21
300
314
663
310
285
74
394
34
793
262
784
434
769
846
653
220
626
592
371
594
330
865
638
477
747
488
466
289
369
408
894
649
517
703
690
747
386
671
934
650
188
713
159
403
133
260
223
284
570
337
536
252
391
692
74
225
232
369
323
988
775
722
389
40
424
759
963
77
87
446
380
246
741
491
204
796
155
570
771
686
992
477
579
668
722
190
540
311
438
9
948
657
533
87
710
376
675
590
326
709
949
6
718
832
65
844
574
37
432
29
245
960
204
304
270
95
149
416
692
656
138
916
660
91
986
523
672
829
747
777
694
916
297
964
604
943
801
78
963
497
202
857
702
615
566
272
575
346
911
139
200
279
556
63
951
802
281
328
873
247
880
848
232
201
771
352
931
81
713
203
564
429
678
436
244
545
475
578
282
675
550
647
60
587
374
416
737
809
982
284
856
887
598
474
793
510
303
984
460
154
690
936
167
108
537
200
984
500
866
773
610
487
463
11
432
869
221
567
971
864
981
791
15
453
990
604
918
480
641
643
188
40
396
874
228
55
621
781
478
270
582
602
853
515
285
995
308
321
581
648
794
344
961
673
101
294
953
257
282
763
501
509
70
56
965
512
777
174
912
860
716
734
580
751
4
316
106
431
189
358
51
61
413
247
477
264
631
669
403
817
573
141
483
925
96
873
689
453
822
786
90
275
111
226
296
128
906
352
259
906
456
287
465
457
81
137
144
442
897
541
912
507
544
131
984
393
901
769
694
290
632
704
513
774
784
800
760
956
808
744
874
156
84
822
421
989
283
938
822
751
570
591
304
174
22
964
903
60
958
650
738
431
706
216
717
735
352
596
881
324
471
185
843
281
547
755
202
833
297
209
670
286
395
526
35
205
95
451
51
963
271
228
988
557
524
799
561
668
859
278
162
643
341
89
251
825
472
238
550
573
603
958
506
887
545
912
331
975
508
484
922
671
452
739
166
74
616
32
63
748
177
371
160
210
168
390
217
691
567
444
354
149
285
619
816
115
304
420
499
269
460
58
834
731
706
617
746
175
232
298
960
73
422
479
550
418
478
258
752
22
57
898
58
698
925
263
933
60
56
447
342
728
830
284
416
706
298
100
255
316
287
200
391
219
381
70
385
675
594
744
479
672
105
904
982
725
777
888
18
98
708
977
856
842
146
464
452
349
934
430
611
29
351
817
52
52
50
34
430
714
553
39
679
892
427
192
364
982
945
317
495
334
100
668
303
848
650
49
896
878
540
533
491
804
823
438
51
822
534
591
749
438
580
339
363
519
1
868
495
612
124
470
5
495
786
881
768
931
912
475
994
994
296
515
219
165
650
493
161
941
15
814
823
406
910
849
687
511
115
386
527
853
591
896
35
966
53
135
519
15
172
316
62
226
506
220
236
632
570
163
939
113
233
114
659
331
763
339
92
416
318
642
500
379
474
896
377
170
324
145
896
85
867
383
546
692
674
415
225
751
407
190
603
9
465
641
607
225
492
798
521
926
97
6
594
476
469
722
206
739
878
599
672
129
741
293
382
659
365
694
433
205
122
821
594
773
249
736
433
971
686
644
362
51
813
573
634
455
966
507
737
153
437
695
593
679
841
288
117
50
835
49
165
514
580
837
372
474
866
576
9
55
51
889
858
633
757
916
998
735
604
766
481
488
110
488
148
105
384
460
685
338
143
636
822
429
80
661
949
346
621
840
257
85
693
687
896
142
221
333
229
85
387
340
650
564
571
759
652
305
860
117
57
221
64
569
962
916
281
900
279
112
632
422
636
663
464
801
367
350
729
851
295
728
759
920
318
238
231
216
798
909
988
377
99
259
937
671
988
67
407
577
988
988
165
890
944
478
792
342
757
782
946
276
599
987
484
672
456
659
475
747
389
221
829
511
80
316
754
361
894
317
482
40
871
455
101
770
585
726
746
976
437
462
539
234
105
921
678
270
183
494
302
134
770
12
330
88
573
35
840
986
449
209
545
467
861
127
332
843
931
441
242
344
750
504
978
153
935
61
54
716
55
461
428
44
788
209
495
672
393
29
636
625
466
145
449
136
291
215
993
381
311
475
848
430
603
876
631
189
812
629
636
985
801
15
497
702
175
165
774
104
598
784
554
388
940
790
379
827
997
431
261
364
39
496
494
13
18
896
58
237
492
125
627
557
454
88
225
750
435
129
704
254
43
112
636
808
65
919
925
515
576
531
211
16
167
884
19
910
987
371
772
294
718
274
878
639
524
587
215
920
24
80
162
930
184
579
387
568
361
244
619
71
766
916
667
410
48
275
72
532
95
178
696
222
41
456
667
860
411
961
585
278
808
146
639
821
7
132
913
632
967
740
541
661
225
771
758
189
215
149
809
291
180
690
75
255
832
619
180
934
596
339
775
183
26
420
761
565
389
264
821
745
137
190
32
512
900
270
527
121
637
896
998
155
882
451
218
14
748
996
911
885
231
156
481
461
112
842
55
81
643
923
840
653
45
16
920
450
613
81
694
382
991
475
677
213
320
574
296
597
728
177
136
485
35
159
721
843
266
834
38
78
267
451
750
705
499
338
441
34
437
300
216
603
352
273
159
362
462
71
40
971
417
812
201
406
92
945
746
411
300
963
200
457
906
985
643
443
539
811
137
253
366
239
244
784
28
825
728
327
219
453
881
480
444
902
820
56
910
314
8
439
33
656
460
642
197
580
204
4
162
906
549
560
290
75
971
906
382
323
109
931
675
135
612
696
816
148
271
14
680
74
754
744
161
350
35
18
611
983
320
362
245
886
632
210
981
489
95
641
420
148
167
301
425
180
176
656
743
11
665
600
886
154
23
406
529
634
780
557
568
547
262
73
74
724
671
244
948
897
566
118
763
59
662
866
610
22
916
10
592
132
779
457
163
896
499
63
491
248
357
42
740
456
505
386
932
158
629
120
662
128
476
438
344
183
376
611
112
893
77
143
57
651
204
353
305
119
878
698
374
297
465
145
277
12
439
473
329
164
382
975
745
905
909
213
246
31
240
860
162
66
698
367
39
166
475
259
586
828
920
529
61
408
761
333
79
66
983
886
841
469
885
851
825
794
402
365
621
727
83
954
513
896
9
750
533
364
753
231
443
827
497
315
562
460
987
184
631
974
14
181
114
352
705
422
826
599
438
426
76
862
621
248
630
575
11
339
119
333
572
795
650
439
672
226
292
170
212
156
583
662
261
850
518
870
558
954
330
971
78
797
802
592
524
303
449
487
730
47
444
598
693
197
123
300
263
464
101
326
114
382
695
745
864
433
20
633
447
169
211
271
715
611
362
454
432
802
172
819
563
724
923
637
845
239
680
927
851
982
304
113
899
768
448
519
249
776
215
64
801
538
392
494
202
722
214
217
511
872
119
180
299
759
741
403
299
35
131
92
352
391
878
727
212
348
323
721
230
436
736
39
287
956
19
930
667
40
786
156
422
665
204
11
4
254
459
637
45
813
619
990
758
805
937
361
857
106
217
622
829
665
185
146
452
83
321
955
986
330
976
713
494
18
445
382
272
803
729
144
52
592
618
632
396
732
666
600
181
71
443
468
281
428
912
828
737
92
434
738
633
992
963
830
168
983
687
954
978
756
922
125
898
706
442
231
607
570
53
393
70
457
551
12
793
540
357
373
181
930
742
273
496
868
837
369
88
496
742
829
194
686
372
618
387
487
68
86
723
223
641
427
684
264
113
64
111
895
320
199
552
201
194
760
614
270
498
520
747
240
570
150
369
11
777
451
6
643
566
227
654
101
799
951
516
117
279
391
312
506
542
421
465
279
817
618
907
827
107
276
641
949
779
168
502
536
150
365
242
973
550
129
166
464
268
865
406
560
187
397
632
246
34
749
157
340
656
770
258
746
89
497
391
849
361
823
22
915
230
238
538
245
668
333
679
193
218
475
992
26
551
815
944
46
261
603
651
691
780
341
198
765
634
313
675
485
741
326
396
842
300
3
408
46
485
969
441
750
855
124
707
55
982
721
368
446
862
841
931
713
958
80
314
287
555
684
703
153
626
392
528
488
652
670
472
382
136
553
266
336
485
357
989
899
45
54
809
893
81
497
882
507
314
761
758
945
835
371
267
512
675
645
134
515
375
802
19
793
749
219
723
810
74
633
141
110
344
848
582
848
846
448
216
953
70
732
842
945
964
41
739
229
704
163
197
473
576
242
255
601
512
719
124
712
804
638
552
489
184
586
463
142
59
816
775
816
133
647
917
447
29
534
779
14
930
560
263
632
605
494
722
984
822
343
365
910
355
748
44
108
917
96
455
598
793
643
366
363
677
521
205
408
407
893
851
726
721
876
969
968
511
713
99
533
530
186
973
755
72
357
123
804
998
606
284
492
428
160
413
781
804
682
12
246
936
927
61
611
188
572
752
356
755
77
852
655
387
531
919
709
668
911
131
350
4
446
805
259
199
659
619
281
135
321
134
579
533
215
329
919
919
121
428
538
436
474
604
506
208
709
929
951
909
519
706
136
207
374
734
574
91
436
556
655
617
585
132
459
296
196
926
746
299
450
136
511
316
854
665
62
366
956
747
909
212
53
575
458
959
916
408
272
527
136
174
507
410
219
889
71
94
441
731
677
429
13
303
998
6
808
762
134
665
712
785
581
676
539
898
599
670
667
23
627
58
557
430
512
335
376
230
928
297
770
347
612
980
16
343
311
632
817
305
39
863
615
516
584
70
506
944
408
938
172
201
133
958
711
823
363
793
355
533
697
964
776
52
529
807
328
742
942
377
426
522
520
208
820
894
461
234
398
382
476
345
566
40
298
584
928
61
846
1
783
972
697
540
152
167
300
86
211
762
135
750
863
637
221
731
388
309
338
871
587
359
179
473
630
970
859
482
178
78
948
765
479
905
474
620
451
831
17
519
174
446
525
25
927
637
142
121
284
50
987
62
87
997
511
430
999
210
839
157
940
428
330
188
691
565
378
989
860
6
268
912
135
1
244
460
499
490
578
228
25
952
213
291
369
53
145
7
313
733
676
816
295
662
340
558
405
7
320
776
135
524
748
342
459
261
899
87
297
515
193
1
595
620
31
840
717
95
422
662
975
945
760
513
633
500
892
34
306
446
928
170
804
334
267
864
812
381
881
791
343
374
364
150
903
73
495
819
620
355
910
79
358
76
157
977
852
626
514
212
280
734
460
442
70
939
853
834
312
481
119
326
136
104
741
525
407
870
675
68
905
422
184
768
240
74
554
609
484
51
745
668
834
453
147
189
342
190
23
293
42
391
244
490
129
364
356
968
389
690
339
926
662
450
982
259
78
658
533
100
19
377
887
999
783
722
811
523
212
889
654
34
810
259
841
89
725
512
987
646
580
871
247
273
960
233
952
578
686
759
311
193
179
739
651
423
397
364
967
447
158
954
588
499
110
439
477
195
385
628
646
409
646
339
58
832
768
751
408
597
903
586
360
200
884
491
645
969
718
895
298
674
838
564
807
14
913
131
85
22
159
374
341
469
479
553
215
997
912
121
391
902
647
181
172
515
440
759
28
797
121
222
328
479
673
160
447
473
912
261
338
251
592
129
972
659
69
683
468
45
386
839
230
352
657
179
506
571
322
247
1
296
442
632
157
320
415
765
947
473
187
412
451
174
911
610
346
157
99
17
442
667
252
815
209
827
529
548
788
419
761
89
76
847
209
273
171
393
645
296
839
272
131
262
133
319
657
84
281
488
130
804
465
613
123
75
709
851
127
984
979
592
49
527
440
43
672
547
246
511
986
553
257
636
919
767
222
233
409
129
167
495
383
447
642
308
198
734
338
405
296
428
808
405
358
929
783
339
38
123
19
721
93
33
85
275
6
249
367
893
139
781
870
154
824
388
160
99
270
3
913
84
506
565
390
215
760
171
402
330
244
452
925
386
955
978
277
141
504
9
767
863
497
366
217
995
226
560
587
616
797
285
322
910
235
484
445
654
281
909
334
66
225
191
334
471
575
568
450
799
740
15
766
668
642
368
872
190
635
960
449
836
683
687
692
773
975
642
37
875
482
256
959
894
627
776
428
967
497
54
556
252
913
451
986
997
355
872
629
831
876
185
709
809
931
744
896
367
1
400
511
550
260
278
406
399
698
118
870
433
645
20
330
103
981
704
916
660
760
758
580
25
184
302
147
428
411
425
188
45
381
35
133
12
421
749
228
907
845
803
944
888
216
611
832
153
554
143
229
985
595
152
328
508
469
286
933
257
910
942
535
958
970
786
717
844
537
66
282
748
606
83
390
583
900
189
202
78
175
221
829
142
718
193
783
340
773
59
966
880
438
925
503
929
950
987
886
965
117
164
901
757
850
130
112
886
833
195
968
222
804
175
909
40
944
605
736
905
88
956
230
320
312
828
595
759
501
944
917
473
883
641
431
496
518
882
113
304
311
498
748
402
91
576
81
668
452
786
484
565
739
207
444
515
634
190
900
289
207
276
881
829
716
370
276
763
11
703
447
11
774
55
866
555
400
369
746
902
813
22
341
191
32
466
248
464
413
250
39
958
604
692
978
310
762
411
912
371
600
847
994
585
555
566
653
929
798
528
120
343
498
560
630
887
487
237
801
256
206
467
869
347
693
315
771
484
196
781
110
374
39
422
613
448
388
545
980
398
483
328
474
833
575
721
561
3
788
448
418
448
468
466
863
885
761
347
842
701
618
211
859
523
385
192
513
952
725
232
184
784
64
36
590
811
398
303
369
766
962
309
207
770
261
227
466
652
999
921
481
150
383
964
920
699
457
216
302
402
461
92
673
72
7
538
744
286
155
340
926
569
586
793
203
36
775
960
640
551
85
972
781
896
51
736
384
894
660
642
271
295
710
209
165
816
476
552
560
511
994
208
479
750
544
155
562
143
799
308
11
794
431
818
262
857
294
353
602
434
132
681
874
722
865
832
647
427
596
150
630
282
995
529
639
987
886
725
994
896
71
585
504
446
477
481
689
653
604
50
581
196
151
962
634
156
824
9
117
511
669
365
388
272
165
657
963
121
165
135
5
293
723
244
785
629
500
762
485
313
225
736
97
466
943
538
743
51
414
294
539
162
325
7
801
184
836
444
384
616
593
238
906
855
385
817
863
343
518
956
998
249
126
781
83
360
820
967
801
677
697
8
650
697
488
906
401
852
639
510
298
465
266
268
611
97
133
972
655
569
905
982
110
383
824
320
871
762
554
334
233
271
960
129
480
877
124
780
543
543
135
372
276
182
108
769
20
362
544
646
42
73
285
602
687
944
481
807
698
265
276
650
34
149
87
636
654
188
112
791
177
482
127
94
511
669
736
951
217
455
651
392
588
49
473
70
507
383
573
992
456
54
708
246
209
889
318
554
704
26
737
34
144
951
640
47
573
386
548
667
450
468
360
225
448
511
88
691
191
115
101
255
517
847
964
748
856
140
810
989
612
800
449
521
171
972
52
794
631
925
341
410
86
732
107
92
111
878
450
575
496
742
636
341
839
770
707
362
218
637
934
634
438
300
474
406
17
340
633
853
989
113
869
956
330
796
684
217
150
943
983
980
515
377
949
26
71
797
999
100
716
746
998
321
204
977
121
557
176
51
307
231
309
440
382
104
380
750
691
101
483
440
838
161
881
1
545
643
795
332
205
637
207
698
494
180
449
167
962
60
143
152
233
875
350
7
531
841
885
644
583
378
610
40
306
284
436
177
681
495
852
906
720
932
762
696
665
996
315
272
366
542
529
983
28
705
907
198
252
512
486
853
976
282
917
968
606
664
386
156
338
558
88
513
660
876
412
990
317
377
251
924
176
557
925
563
878
701
527
352
480
737
38
314
533
880
413
369
632
8
396
767
767
391
852
998
457
17
17
429
368
68
13
709
459
445
903
251
53
335
14
561
983
260
575
827
492
362
846
122
362
53
991
970
767
657
604
478
435
843
403
490
608
538
332
627
324
518
881
353
297
521
961
946
429
474
824
577
392
40
761
926
961
116
486
882
897
317
194
331
588
169
509
73
204
941
215
391
95
764
744
572
903
856
510
588
612
368
517
163
185
592
773
94
717
245
650
5
879
789
447
640
799
626
296
552
659
578
697
667
560
699
733
792
666
746
750
511
53
204
802
167
835
61
484
93
675
782
415
512
335
643
360
622
211
559
107
875
199
524
702
930
25
450
259
917
316
543
556
385
417
471
267
131
983
363
701
314
740
822
275
249
924
816
666
518
85
570
464
433
239
142
676
724
662
538
931
412
871
515
659
63
419
966
331
346
151
613
136
641
184
509
952
619
538
186
478
409
364
464
272
630
280
764
323
155
312
243
198
152
542
327
929
55
361
341
446
368
660
823
321
96
188
924
486
752
778
490
837
52
253
44
596
10
521
491
362
293
176
213
343
697
639
450
836
96
444
74
657
517
137
589
814
571
727
595
29
340
803
755
130
434
331
531
598
976
515
87
818
985
106
451
855
564
366
774
274
426
541
871
688
162
707
679
539
623
9
502
915
999
748
561
174
461
465
945
868
628
882
954
806
268
34
512
177
361
66
955
918
198
628
432
443
156
890
44
205
611
858
279
449
574
227
656
276
746
494
240
456
972
771
25
907
649
466
975
899
171
604
785
465
362
434
676
529
194
209
930
281
239
49
308
35
734
667
598
10
924
108
862
5
220
837
514
531
559
65
901
596
11
813
174
444
135
677
585
296
872
886
101
543
438
358
319
872
586
250
719
150
290
793
627
729
429
732
337
141
236
758
496
114
689
868
663
901
849
245
193
177
374
649
191
348
984
756
498
37
93
691
564
948
100
659
413
220
146
21
368
718
2
590
301
495
891
573
598
34
568
515
444
356
37
214
659
746
376
161
771
868
774
236
66
113
284
519
674
721
251
414
449
504
562
132
55
182
202
251
827
65
504
672
466
433
556
669
337
46
865
776
756
440
562
461
838
268
393
199
973
884
816
923
737
542
114
489
545
199
713
904
479
320
481
179
331
233
12
396
424
762
647
737
990
839
392
719
391
615
171
14
189
209
295
542
606
493
684
291
517
546
126
25
590
780
355
620
861
764
302
74
190
466
164
49
801
487
276
628
844
795
93
3
633
604
242
942
898
82
865
156
870
215
17
888
688
400
240
481
24
840
957
847
156
233
848
798
651
967
28
682
806
12
501
349
225
310
75
310
906
734
737
351
630
823
444
17
255
843
134
257
730
485
837
596
383
472
431
522
303
648
34
977
596
755
383
832
631
565
624
415
562
782
475
712
730
120
976
601
826
971
588
36
821
480
386
216
877
334
444
618
94
917
590
288
421
371
944
203
821
1
948
911
954
298
526
538
228
206
4
404
510
745
833
920
735
41
948
273
34
29
651
451
957
423
388
632
640
379
628
29
521
460
880
720
628
329
945
609
435
120
775
428
987
276
691
768
458
151
339
501
376
549
776
356
114
992
420
331
141
476
749
766
947
348
58
817
669
552
669
939
504
974
835
630
704
413
962
962
615
243
119
284
895
750
798
775
456
200
603
975
843
555
122
575
336
869
626
61
803
968
100
924
295
467
885
662
497
382
610
343
863
611
507
235
921
155
497
48
169
103
484
356
665
523
206
397
950
592
987
983
257
419
478
269
579
14
434
890
375
74
367
837
794
748
158
972
51
408
322
90
704
888
736
953
857
545
904
302
516
847
683
576
820
4
685
120
726
828
681
64
737
455
385
533
211
296
747
628
309
136
317
953
75
421
212
722
68
28
484
340
536
999
457
142
630
615
434
191
240
88
404
389
825
814
24
88
668
665
160
695
150
799
330
559
215
713
351
589
648
189
185
203
602
548
712
271
341
239
109
400
470
876
204
350
434
71
72
757
546
897
5
218
816
596
857
891
377
451
101
312
440
182
787
138
39
492
722
51
495
971
113
886
994
506
200
398
701
511
250
528
861
310
843
928
422
887
315
53
64
995
566
111
214
292
419
403
824
514
19
268
948
65
101
619
924
978
282
488
551
973
754
213
152
598
93
822
802
920
951
343
509
649
991
120
120
855
137
631
481
281
691
677
135
978
181
209
117
555
73
670
100
454
856
265
383
597
135
372
132
753
839
552
334
996
651
871
961
891
673
598
629
702
80
856
92
254
148
644
20
844
863
600
683
788
529
665
730
333
721
333
492
933
14
391
809
706
266
257
838
948
558
35
488
446
422
300
952
687
689
714
46
11
587
879
580
776
689
529
87
340
782
974
289
54
378
77
966
386
7
239
689
866
790
693
144
739
370
895
909
849
145
77
698
795
346
794
892
19
259
940
265
215
424
259
756
54
576
552
544
577
205
665
339
505
309
476
757
864
961
728
504
220
953
157
346
933
398
633
487
271
168
761
15
926
489
84
260
944
627
270
253
179
234
961
102
624
372
926
472
535
365
158
595
288
327
129
808
174
984
137
678
499
588
589
867
418
540
39
327
103
89
642
261
119
548
589
504
678
804
335
238
623
575
47
683
301
721
446
322
983
313
108
338
831
231
706
824
971
204
805
533
719
305
214
626
40
681
120
781
351
536
202
668
213
9
713
893
112
902
200
467
993
626
778
367
876
761
941
831
48
823
710
253
57
86
935
144
897
495
13
998
719
449
912
874
729
916
867
587
890
690
676
813
5
933
232
899
68
388
386
63
991
567
958
754
539
172
698
571
730
342
469
873
662
66
196
414
754
785
283
499
829
305
199
587
473
206
490
484
167
520
382
129
636
120
749
599
376
216
89
592
855
370
132
34
895
500
925
91
983
649
325
878
968
125
228
164
706
941
880
657
670
104
380
882
861
352
20
410
208
66
840
33
615
508
672
278
87
672
225
28
717
995
699
247
114
217
606
302
928
401
518
99
313
333
282
414
68
826
446
339
862
728
399
692
408
291
953
781
300
870
923
298
469
718
457
476
322
434
284
206
829
655
749
993
510
908
857
611
687
349
635
236
480
155
732
928
817
478
652
833
442
426
16
701
610
540
995
824
550
808
558
576
985
536
558
758
769
260
938
274
581
957
489
326
435
716
464
144
896
557
139
305
101
340
93
356
838
833
61
621
750
304
688
243
427
22
552
695
25
306
94
725
729
918
711
424
460
27
330
986
528
833
384
774
47
146
210
705
303
500
363
284
800
112
154
857
193
512
472
603
364
738
940
890
504
567
160
577
937
550
135
385
138
836
768
661
948
576
715
389
247
322
820
16
503
978
432
292
121
178
691
883
154
151
261
552
214
98
153
984
38
580
379
952
327
298
645
845
59
186
200
790
61
892
29
819
622
193
526
94
330
420
647
139
390
28
723
970
66
624
96
727
906
428
884
33
112
583
682
802
87
758
457
714
212
629
731
758
212
982
357
12
76
993
209
641
686
563
288
59
77
833
195
729
817
855
684
573
26
584
796
542
751
310
941
470
403
756
885
34
322
863
683
28
716
976
315
749
140
153
111
413
367
41
839
923
579
369
388
69
125
518
88
609
255
258
610
87
793
569
462
510
493
54
382
505
990
664
665
982
780
190
765
147
122
833
871
827
571
489
978
278
906
582
478
584
309
837
859
510
660
111
629
158
714
280
128
318
698
450
868
668
802
682
54
720
679
912
299
33
904
938
291
170
861
581
935
417
519
804
70
219
338
81
162
413
759
247
58
752
799
796
647
522
883
457
838
536
270
179
574
986
267
68
145
413
386
215
213
101
288
904
339
96
533
817
997
43
884
288
682
146
542
883
146
268
311
855
297
531
161
431
