5
2
1
1
1
1
6
2
1
3
1
5
4
1
2
5
6
1
1
17
2
3
1
38
1
1
1
3
1
5
1
1
121
22
1
1
4
3
1
1
1
1
1
1
1
1
2
1
1
1
1
1
11
1
1
15
3
2
1
1
1
1
1
4
1
1
1
1
1
1
2
2
1
9
3
4
2
118
1
1
1
13
2
1
5
1
1
2
1
1
3
1
20
2
1
1
1
1
1
1
1
1
2
1
9
1
1
1
1
1
1
7
6
17
2
12
2
1
1
1
1
547
6
1
1
51
1
5
1
1
2
1
1
4
1
22
1
1
1
1
1
4
2
1
10
4
1
1
1
1
2
1
1
127
1
1
2
1
1
2
2
5
2
1
7
1
104
1
1
1
1
1
3
57
1
16
1
1
1
1
146
1
1
38
19
1
1
1
1
1
2
13
17
1
1
1
1
1
1
1
2
90
1
4
1
2
1
1
2
1
1
1
1
1
1
5
1
1
1
1
1
1
1
1
1
3
1
1
52
1
2
1
1
1
2
48
1
5
4
3
1
1
6
4
1
1
1
1
2
3
1
1
5
4
9
93
1
1
1
1
41
1
2
1
1
2
1
3
2
2
2
1
1
21
397
56
1
1
6
2
11
24
3
1
2
1460
1
2
1
46
1
1
1
10
269
1
1
2
1
1
17
1
2
1
1
1
1
9
1
1
1
1
1
1
1
52
1
8
1
2
2
1
2
1
9
1
3
48
1
1
1
1
81
1
1
1
1
1
1
1
3
1
2
1
6
1
1
1
1
1
1
1
4
1
1
17
1
4
1
15
1
1
1
1
1
6
1
1
1
2
1
1
23
1
60
2
1
2
1
1
29
2
5
8
1
4
2
1
1
3
1
5
1
2
5
1
1
1
1
13
1
2
78
5
1
16
20
1
1
5
4
1
1
2
2
1
15
1
1
4
38
7
1
1
65
1
1
3
1
1
2
123
3
1
3
2
1
2
1
1
8
4
11
1
1
1
7
6
1
1
1
1
1
1
1
1
1
1
89
9
3
1
4
7
9
1
1
1
1
1
1
2
1
12
1
1
1
1
1
7
40
3
8
1
1
2
1
3
1
19
1
2
1
4
1
3
1
1
1
1
1
1
1
8
630
1
4
2
2
18
1
2
1
1
1
4
1
1
1
1
11
3
1
1
1
2
1
1
1
3
1
1
1
8
1
2
46
3
1
10
35
1
1
4
1
1
2
1
1
3
6
1
3
11
1
1
53
1
4
1
1
2
1
1
1
1
4
1
1
14
115
2
4
1
1
1
1
1
1
1
1
1
1
1
1
1
3
1
1
1
1
1
1
1
9
1
1
1
1
1
1
1
1
2
1
49
1
29
1
17
4
1
21
1
1
1
1
1
1
1
1
4
1
1
32
3
3
1
1
23
1
1
1
1
1
2
1
1
2
1
2
1
1
154
3
48
8
1
1
1
1
1
3
1
1
1
2
42
1
6
1
1
6
1
1
1
