6499
859
984
865
872
614
185
968
214
578
521
575
36
156
579
58
643
368
441
923
184
158
653
774
41
25
496
79
32
581
307
919
583
16
212
411
440
306
787
239
67
34
991
729
181
766
813
450
485
246
117
989
469
281
281
447
441
735
152
817
691
103
759
369
356
959
506
440
800
113
817
499
287
601
410
455
698
897
870
678
627
500
990
277
455
230
146
273
83
563
982
87
809
551
45
406
334
635
64
865
373
193
163
186
465
716
790
122
82
705
470
850
28
799
163
593
177
294
202
791
776
554
996
391
226
731
484
549
283
309
975
784
968
87
944
228
190
142
145
789
643
363
38
812
301
462
498
826
271
73
373
10
449
725
514
228
485
147
748
467
117
815
394
508
584
270
225
750
305
843
373
528
191
153
701
346
151
658
229
436
882
135
703
264
24
965
253
228
903
356
162
459
384
80
67
223
680
206
241
734
460
97
882
829
226
38
812
708
593
611
918
254
677
723
752
818
715
227
262
824
13
956
596
48
331
932
235
425
255
644
588
710
319
232
578
76
108
999
697
679
199
147
23
899
156
669
687
977
762
741
153
184
597
830
782
472
767
474
897
87
926
207
870
598
43
198
567
114
452
922
441
989
994
733
667
326
289
406
155
749
377
633
912
480
889
158
201
349
768
619
288
716
60
487
49
639
175
546
305
270
707
266
296
565
979
777
882
142
12
550
358
204
436
243
104
425
69
933
892
944
448
231
173
181
524
817
470
404
582
434
575
457
798
298
16
159
818
36
512
163
959
355
195
653
483
252
930
721
902
182
379
749
417
658
140
874
844
966
182
936
500
871
179
745
645
24
432
231
102
68
439
274
596
104
734
35
245
315
76
273
232
550
63
70
8
820
497
94
938
885
926
696
239
195
837
948
425
186
777
328
986
394
600
892
916
383
225
628
10
674
962
851
520
417
963
149
57
569
488
276
57
854
529
375
339
322
899
936
365
564
226
261
111
224
366
851
963
828
487
457
681
839
13
282
474
258
562
699
824
697
453
686
369
189
47
507
663
826
10
835
376
213
178
940
174
919
362
810
346
365
987
257
686
757
275
435
108
447
885
885
259
875
631
361
425
604
239
739
143
912
719
85
730
245
160
354
470
110
889
753
742
921
47
449
292
5
494
841
566
556
786
820
493
602
565
274
816
676
579
353
577
555
401
721
136
521
122
296
81
588
87
729
190
453
18
626
207
93
394
108
898
182
547
676
214
908
162
580
58
434
235
19
749
922
63
103
906
238
886
827
778
735
741
948
628
934
522
914
818
543
290
818
844
847
878
74
885
549
354
421
200
849
54
976
133
5
319
280
401
603
34
205
643
32
899
489
698
968
379
550
101
475
932
292
516
114
273
667
915
222
121
803
298
74
740
626
219
1
410
950
402
969
8
799
514
695
96
136
771
424
225
306
638
690
175
512
14
746
359
43
925
290
525
811
169
723
571
641
586
742
100
9
489
765
439
356
327
774
677
559
485
202
83
460
846
866
510
656
856
10
74
790
123
732
500
432
547
966
318
308
353
992
988
41
367
556
179
685
538
655
225
80
545
91
683
678
316
164
419
688
911
204
320
627
185
39
318
416
682
723
907
183
448
620
671
917
579
93
731
701
42
260
318
314
584
307
743
838
85
788
114
709
5
820
305
66
204
930
61
104
589
808
106
215
688
76
954
16
263
827
88
102
691
256
844
580
947
582
773
925
948
763
139
273
370
188
763
842
384
635
358
989
838
16
881
969
595
106
121
283
665
676
678
447
755
278
127
634
347
779
68
79
307
377
674
66
696
206
75
456
769
425
446
470
59
67
657
978
449
691
540
21
982
865
834
863
941
121
513
190
183
541
546
777
383
960
647
726
40
729
834
497
784
483
694
773
407
446
613
792
325
589
980
235
246
968
298
440
230
993
516
76
934
453
26
782
923
547
929
611
990
186
997
930
386
352
30
361
307
675
622
907
935
290
521
982
867
964
126
189
301
8
143
377
137
351
326
76
252
512
597
68
68
407
854
917
644
526
947
701
10
96
41
300
87
168
475
58
276
399
765
628
788
559
393
247
68
75
586
293
686
220
592
36
985
44
809
779
706
599
571
372
697
334
359
167
909
813
827
289
710
584
62
404
465
3
611
205
442
682
885
661
32
892
955
25
260
757
962
393
36
981
817
942
796
528
734
72
106
768
109
456
262
880
151
453
973
814
289
328
274
133
969
255
733
735
850
868
600
62
936
54
178
482
718
590
568
210
199
965
69
884
177
153
536
535
217
69
532
896
850
879
196
128
546
50
515
166
675
876
900
129
199
548
423
246
438
137
458
591
424
670
892
270
487
929
175
518
23
886
73
202
821
243
10
747
169
35
232
532
478
357
427
760
765
641
194
209
575
715
260
136
126
954
363
747
767
448
498
747
900
121
626
327
709
34
346
267
838
481
44
116
637
487
514
470
829
554
298
906
836
10
979
631
584
490
498
974
231
330
535
967
514
148
943
160
783
468
430
942
539
866
666
594
203
149
817
327
858
733
95
163
664
723
464
361
622
126
473
871
283
66
560
226
30
956
327
676
881
22
942
377
147
681
576
460
633
173
642
381
237
60
2
98
351
979
217
920
468
61
359
133
672
599
623
292
476
326
620
626
165
355
187
898
978
59
188
602
77
886
490
242
641
798
747
228
56
784
594
46
217
69
103
551
90
746
478
170
755
461
817
442
765
695
164
391
544
661
125
702
306
554
605
47
899
84
122
550
36
592
663
966
310
171
66
263
429
331
985
473
299
217
745
126
511
897
209
604
930
978
573
89
810
216
440
961
958
739
169
898
164
202
431
746
133
248
283
442
573
668
29
613
757
631
764
1
379
193
7
111
65
212
705
147
76
659
900
692
447
300
31
634
53
633
506
220
609
293
327
603
433
760
208
996
915
87
239
464
656
437
941
178
383
286
565
39
990
139
488
976
389
198
729
930
238
631
813
5
565
935
476
673
864
825
814
454
711
229
263
27
420
105
154
444
599
776
851
914
710
688
419
497
64
503
646
644
590
300
984
168
866
124
176
693
217
478
147
873
460
4
994
62
585
789
459
992
24
16
402
536
461
188
869
836
352
935
40
594
164
965
481
28
531
480
657
673
233
707
461
706
819
551
652
797
330
142
790
566
104
559
658
365
689
245
922
976
167
982
610
761
395
368
820
555
39
409
863
744
406
60
12
294
257
830
192
621
47
785
49
295
116
726
232
391
925
396
538
97
35
496
155
78
653
612
772
930
253
431
489
149
728
370
838
934
186
410
680
442
732
233
620
886
408
145
696
13
222
581
76
436
518
718
825
617
979
757
159
36
613
616
262
143
460
769
903
307
51
226
968
819
516
815
851
619
423
851
266
67
14
557
880
334
320
628
152
385
658
838
806
995
568
145
861
97
426
560
157
165
854
242
72
582
635
392
494
194
638
550
666
488
351
616
742
38
981
364
747
939
931
385
364
318
534
131
378
288
14
925
658
261
455
628
684
430
385
246
702
280
644
675
457
97
591
608
569
81
538
623
412
430
476
746
766
13
208
123
620
137
959
220
368
752
593
935
252
165
500
440
741
293
177
200
384
771
466
268
529
566
408
376
272
769
537
716
848
267
270
896
830
860
768
114
414
986
622
517
938
114
415
540
431
756
576
195
465
748
596
974
357
975
302
915
148
237
567
17
277
746
536
513
528
775
669
818
727
412
885
988
467
636
669
813
371
861
728
390
987
146
762
9
196
542
16
585
333
71
571
234
34
260
864
780
610
640
426
476
278
627
663
698
221
622
588
291
529
309
196
730
66
38
287
883
112
48
586
465
242
203
192
919
99
236
295
746
74
284
105
950
517
631
56
196
554
224
678
454
138
959
635
525
542
184
641
580
741
927
373
439
223
458
389
891
806
487
498
911
299
859
70
616
329
573
199
76
795
270
44
11
525
938
809
246
859
736
591
328
919
488
7
628
195
911
99
743
838
174
864
24
231
168
431
708
84
393
185
948
202
514
557
380
744
414
275
379
337
19
394
51
874
668
755
684
612
104
263
472
846
372
88
151
596
967
43
674
205
287
832
538
788
285
402
397
128
994
982
656
683
825
390
575
380
714
195
490
777
726
721
779
521
803
868
119
256
873
713
924
617
263
640
790
735
925
943
876
929
774
951
812
758
367
686
675
18
968
761
395
597
601
846
469
99
99
497
86
179
631
904
103
366
158
565
147
757
783
607
931
684
815
751
33
565
470
716
926
428
387
241
341
780
599
287
185
674
363
154
139
502
537
290
593
852
785
988
337
398
313
236
553
925
868
846
339
451
944
987
733
310
286
16
825
621
751
576
431
897
364
193
930
115
406
564
403
195
936
741
48
708
995
61
168
310
128
122
646
622
72
741
890
835
8
212
113
592
963
479
104
389
992
925
403
670
765
643
701
978
216
214
119
8
279
209
342
302
805
457
802
997
33
31
683
5
683
582
780
455
550
437
732
670
447
440
199
693
119
368
351
181
360
514
38
188
889
774
424
561
166
979
577
519
734
346
592
137
577
720
313
229
871
88
161
652
906
810
781
542
407
7
911
351
267
206
277
887
282
582
651
886
960
844
513
251
238
145
552
76
689
175
207
200
947
692
629
796
993
843
598
333
832
649
58
189
307
873
466
647
403
255
724
191
616
473
675
435
238
864
380
194
854
473
540
603
273
215
852
95
38
948
538
38
13
298
238
179
600
63
427
969
92
174
743
946
727
119
593
650
216
967
23
348
487
866
14
18
388
267
64
266
898
959
622
392
242
82
181
314
797
430
79
847
391
660
65
977
629
735
850
930
364
364
994
433
671
807
290
78
245
636
775
11
323
527
254
255
779
264
361
384
585
881
407
528
379
820
235
130
157
549
341
632
802
441
466
2
782
330
772
222
973
532
959
707
534
820
719
837
136
688
879
310
653
868
715
447
295
566
899
829
906
802
470
172
42
517
770
990
892
602
821
486
647
184
425
930
434
536
278
653
196
159
964
982
154
216
594
223
330
191
307
223
12
157
937
154
730
595
912
978
510
635
870
767
550
939
401
815
390
28
275
595
530
628
283
341
627
195
111
958
210
982
485
69
437
593
916
378
414
755
814
562
545
528
979
227
696
300
701
999
659
971
813
523
113
261
631
304
373
883
889
669
102
47
978
362
450
993
96
915
675
718
238
500
795
39
138
792
240
326
69
655
669
379
161
352
134
68
825
905
940
540
517
647
216
846
868
814
376
376
940
438
396
852
189
322
718
933
788
816
280
485
470
416
871
610
265
206
458
530
420
66
428
599
703
189
106
489
739
681
351
632
876
931
506
650
504
630
389
771
262
723
722
422
888
456
657
302
321
398
917
836
897
367
422
797
417
502
380
688
64
75
889
556
744
669
968
421
209
702
91
227
52
283
528
32
203
436
473
635
415
886
579
948
893
178
351
24
113
84
155
574
407
525
630
889
318
478
32
423
840
638
464
356
171
175
249
88
511
251
649
471
612
748
697
58
495
243
760
247
728
312
589
421
169
387
206
156
543
768
605
987
863
254
38
329
578
393
124
708
762
473
283
438
498
809
766
277
241
240
627
443
12
450
737
828
73
854
4
847
954
112
262
561
993
758
407
611
952
632
777
921
704
143
189
544
684
119
396
897
557
24
224
304
860
798
879
659
663
718
26
712
978
658
442
670
679
999
824
353
185
212
658
542
228
632
891
461
17
398
120
526
263
69
974
798
490
115
593
430
26
129
193
370
527
803
607
118
134
714
166
998
860
728
760
338
672
19
981
467
812
770
485
141
673
558
253
669
326
411
598
681
30
6
64
674
834
262
551
417
605
87
157
672
327
656
955
986
473
389
416
350
734
702
89
403
787
359
162
225
960
211
318
653
657
697
466
708
333
591
442
445
121
155
580
538
592
434
296
194
798
537
267
764
918
800
847
448
381
125
4
748
326
83
30
467
376
954
55
962
981
652
487
359
548
155
373
902
234
651
288
292
561
60
933
416
771
514
724
96
524
154
331
179
789
323
175
9
809
71
172
375
282
569
437
536
87
544
873
894
54
793
666
875
809
123
165
707
299
511
91
169
4
888
856
698
309
603
592
338
177
382
415
558
789
989
100
371
762
140
399
200
958
678
205
717
955
947
286
843
491
273
341
97
498
375
527
938
631
520
816
949
134
855
50
945
458
664
318
203
602
788
734
588
178
982
153
892
644
857
870
396
461
704
257
615
835
654
259
462
478
75
116
805
713
341
399
267
567
860
467
888
733
847
816
6
793
514
823
715
564
79
973
734
634
383
692
209
860
186
817
618
151
56
658
566
291
942
89
984
323
29
533
261
364
507
313
532
621
285
274
642
759
80
633
704
818
442
595
42
842
84
622
839
184
50
107
681
604
72
400
815
538
729
369
709
108
976
688
354
646
463
841
821
495
42
165
264
230
248
889
467
19
165
171
356
272
820
643
937
912
301
717
761
770
60
300
164
679
60
233
200
954
127
171
4
714
279
836
79
556
784
112
637
587
482
832
276
736
647
60
489
524
807
809
353
411
58
545
103
441
768
114
936
796
954
300
186
234
464
813
504
803
510
372
804
888
446
793
648
87
733
263
138
807
889
381
362
697
914
372
424
958
606
847
679
7
590
277
55
619
126
165
349
555
371
387
289
53
495
992
751
35
954
334
212
492
923
337
148
111
187
592
73
61
903
478
635
599
406
906
876
991
592
595
816
244
50
475
9
38
926
516
865
350
179
158
162
566
369
930
985
552
326
909
425
104
537
648
615
932
306
388
64
676
807
156
249
513
551
338
933
708
186
342
653
902
972
154
161
849
987
283
355
320
158
982
609
453
425
918
144
221
665
590
196
996
136
682
557
459
500
641
785
675
225
557
708
143
809
19
871
702
389
922
663
155
967
663
440
955
351
489
13
858
636
230
52
113
19
516
665
396
904
426
173
256
397
838
228
242
878
175
711
245
721
721
582
572
755
589
668
966
292
964
253
399
442
185
566
516
583
240
436
413
931
847
67
412
672
764
989
276
88
30
452
42
515
491
927
319
439
326
311
591
455
111
103
633
266
263
747
3
426
863
606
316
102
10
517
646
386
29
229
247
829
467
324
567
866
84
237
805
323
575
639
710
988
585
531
971
91
839
79
754
682
389
57
708
190
653
156
12
697
15
74
593
80
698
454
178
97
336
248
779
212
854
145
285
844
237
480
704
752
438
547
915
788
299
527
969
20
188
439
92
53
55
308
213
545
573
322
976
311
338
485
839
418
974
604
448
429
290
528
773
458
35
178
747
913
289
567
276
690
881
583
535
992
893
389
702
195
270
807
59
175
525
75
499
216
675
843
129
108
260
826
476
339
1
297
972
611
638
952
175
824
118
673
830
738
648
816
694
632
810
383
148
526
579
274
903
113
473
240
813
81
237
980
273
427
289
442
833
157
480
352
232
431
968
587
36
355
230
121
908
431
344
730
774
987
55
357
599
967
921
243
136
603
525
612
624
895
297
503
278
944
163
628
812
749
40
594
955
444
864
713
949
971
533
266
509
172
65
763
698
436
494
556
895
534
905
288
447
395
419
492
99
711
656
287
102
821
481
885
864
348
796
558
304
403
423
394
637
813
828
138
410
312
453
948
895
545
83
395
832
754
703
833
862
565
187
631
621
392
635
742
416
450
261
970
343
84
628
383
773
650
636
938
227
469
849
20
769
465
829
47
595
771
776
323
341
554
631
563
432
225
564
205
631
961
292
51
147
694
274
555
891
983
255
630
939
817
551
243
546
703
606
92
44
424
657
458
45
386
466
916
300
553
464
422
937
15
453
522
209
534
784
282
743
334
755
137
290
347
681
730
954
960
144
222
832
291
21
831
487
994
783
704
244
631
522
274
347
436
227
235
738
563
12
447
638
622
234
891
211
328
421
592
938
993
550
758
202
816
283
383
389
421
406
548
86
328
764
510
375
134
292
441
603
257
755
608
621
261
872
845
75
805
319
977
242
361
646
674
750
105
585
49
469
119
186
77
243
986
304
56
166
720
783
154
705
796
957
591
173
871
908
314
421
264
444
437
155
150
619
321
555
720
472
10
845
402
546
482
869
186
788
63
679
934
498
372
631
504
165
321
261
37
353
591
467
999
849
538
908
768
117
787
339
399
277
95
915
63
759
303
397
920
42
355
889
591
713
916
695
555
579
311
89
104
288
67
124
937
135
680
708
83
775
685
236
509
992
583
956
853
162
884
987
419
103
893
185
234
372
919
422
386
281
84
334
458
987
893
105
91
734
666
648
746
910
116
369
366
245
846
783
206
525
787
573
935
300
904
585
117
75
967
796
389
336
97
108
634
672
531
917
876
493
886
13
606
644
355
704
316
758
1
921
827
904
250
278
577
311
3
415
713
79
568
496
822
974
339
319
319
347
569
559
406
677
808
958
763
332
177
939
555
849
185
65
910
514
225
965
452
54
87
905
187
356
447
447
20
357
632
253
656
979
505
528
729
657
399
868
628
546
358
617
413
222
192
888
600
934
332
330
931
311
199
686
520
756
555
903
835
28
54
835
258
161
657
472
539
142
56
867
346
868
293
395
173
359
92
633
653
744
657
489
989
498
427
981
505
358
532
51
379
406
959
838
614
616
254
827
188
269
692
283
314
27
17
764
350
149
661
156
474
832
656
27
833
777
219
751
73
298
85
579
570
651
656
189
512
179
401
330
69
153
864
750
133
615
629
727
502
888
180
375
629
209
586
951
995
260
193
365
540
286
444
913
369
712
759
79
467
280
142
596
576
458
118
957
308
333
526
266
870
59
28
422
941
857
663
635
733
195
646
632
162
306
385
254
954
341
945
957
399
923
788
206
158
555
385
406
949
800
97
454
129
976
325
606
220
336
376
442
747
863
79
839
379
321
530
261
160
729
961
689
456
437
574
323
871
558
240
335
633
226
295
188
166
228
46
478
922
17
499
254
804
306
643
61
809
238
608
888
465
906
802
456
373
58
903
358
978
812
950
992
36
853
252
594
696
585
249
632
997
197
306
494
500
750
432
937
603
281
835
603
378
290
763
715
347
856
980
32
29
118
987
657
753
894
111
761
144
845
495
838
663
493
507
278
375
642
797
498
638
856
215
430
275
308
35
132
864
568
841
178
271
738
440
968
817
768
512
258
820
123
156
378
645
690
333
362
553
822
999
532
787
106
992
975
218
963
20
487
257
123
702
45
249
396
549
745
796
728
83
535
133
91
991
274
739
979
979
806
941
593
947
23
682
214
928
694
740
430
565
917
535
593
421
621
990
294
764
109
43
324
140
902
726
4
681
596
641
785
424
29
871
123
446
382
755
316
906
200
273
134
109
447
158
129
270
468
185
992
112
674
840
692
929
251
906
116
276
638
831
737
61
939
366
249
306
448
416
248
673
539
487
314
879
938
474
895
252
87
989
98
740
220
831
126
449
403
545
502
812
950
661
25
781
818
443
753
853
187
304
680
701
392
731
911
299
658
592
138
22
968
465
668
366
441
938
318
769
624
769
953
221
164
603
275
670
805
178
893
977
790
904
117
798
291
655
323
701
582
173
17
726
431
418
950
272
554
911
186
235
764
565
359
317
585
326
716
15
633
639
120
331
341
125
185
237
439
726
581
885
306
472
179
707
297
263
801
919
671
764
869
189
573
943
727
831
256
957
483
805
28
403
558
198
590
759
844
634
769
437
274
776
820
226
59
958
5
739
985
142
734
10
546
141
610
715
400
554
283
303
47
462
798
188
337
96
134
953
219
321
771
1
90
593
738
495
363
96
717
331
478
578
589
166
635
324
139
185
811
789
457
442
304
890
45
389
355
18
457
145
415
827
751
511
116
866
704
218
746
149
136
3
422
843
149
286
87
172
966
374
26
616
575
38
867
357
291
557
243
282
568
865
109
794
72
368
446
614
713
879
823
382
75
68
484
766
406
817
870
557
595
179
343
649
414
413
895
86
352
907
67
93
913
350
466
372
874
20
699
493
658
66
903
862
617
457
858
152
841
475
224
746
149
172
560
180
232
366
383
768
69
526
184
964
768
502
738
131
532
666
139
944
925
316
655
37
305
598
843
917
843
745
44
902
720
461
503
160
611
520
809
821
840
405
909
63
308
433
747
753
830
385
460
196
344
361
318
57
574
433
427
949
587
626
103
6
71
943
492
351
632
884
938
231
785
165
753
305
190
240
854
296
304
630
245
482
218
436
256
88
665
604
802
575
686
369
466
389
390
319
541
891
985
263
883
786
166
495
14
912
531
604
726
352
926
118
557
853
145
163
779
271
851
894
259
899
696
832
889
16
956
260
322
904
987
570
739
17
190
488
576
862
460
33
222
106
457
342
191
286
459
608
564
712
597
696
437
904
202
124
958
180
590
568
67
354
445
643
876
316
509
597
756
817
988
591
811
298
933
254
445
330
752
17
175
12
342
435
936
32
595
824
358
90
638
348
345
797
509
85
103
583
772
309
540
58
418
822
334
350
682
699
774
393
504
334
592
63
9
350
166
847
56
614
427
978
45
644
801
957
949
411
800
679
942
47
572
892
383
14
408
856
541
764
628
970
214
497
832
987
470
64
69
617
630
649
592
400
114
225
947
935
368
964
868
463
167
140
924
914
90
320
682
127
567
416
59
375
468
391
83
248
643
133
530
33
429
805
331
874
676
497
467
156
445
735
529
118
552
349
832
921
337
863
38
479
536
289
324
2
868
435
504
149
419
507
157
877
84
815
650
230
449
156
384
306
525
327
936
163
33
983
845
903
457
976
112
878
14
530
391
984
879
907
275
857
356
776
652
407
554
245
212
526
935
939
239
703
795
891
969
181
239
700
770
407
805
99
297
971
214
532
615
161
681
207
855
840
269
893
724
367
340
986
224
4
874
438
298
580
454
837
603
993
312
246
274
759
226
979
144
318
849
660
685
505
98
369
748
910
568
855
949
934
127
862
205
38
138
310
213
850
520
106
376
582
866
785
824
829
4
407
278
345
186
235
460
800
276
710
888
75
147
322
650
825
506
220
573
946
983
577
429
666
702
717
280
728
750
559
905
897
651
325
280
54
102
846
477
351
543
631
908
440
88
980
303
5
57
599
639
754
874
436
60
132
955
7
519
835
599
681
376
675
781
510
208
319
475
358
385
74
156
29
929
231
767
946
401
799
528
734
372
593
48
793
191
755
468
736
73
175
689
366
845
850
534
20
296
745
109
505
684
357
552
476
531
637
995
205
283
90
268
519
156
598
361
67
685
265
14
342
907
783
753
229
529
952
533
124
421
11
620
613
881
485
939
862
504
658
319
259
247
254
141
405
552
54
672
778
437
888
83
703
86
752
218
864
255
547
172
474
271
142
593
104
93
41
707
749
344
559
606
9
43
485
629
488
361
461
577
745
900
111
795
178
505
230
962
59
116
521
928
59
919
657
919
343
842
143
556
496
144
372
429
809
582
464
38
734
437
358
493
941
39
251
599
248
881
397
781
307
960
910
939
793
689
98
201
688
177
113
942
488
860
148
806
227
850
72
358
26
875
290
778
977
542
478
839
17
492
946
530
587
519
462
909
570
425
420
257
471
738
579
93
129
84
72
519
423
130
541
681
580
142
261
249
841
879
33
129
559
436
631
989
505
550
350
823
744
492
348
596
716
416
322
599
222
566
721
354
984
292
672
544
553
965
811
683
848
135
648
842
528
127
65
499
378
619
596
667
482
778
861
381
725
658
138
451
567
164
282
296
751
268
878
965
554
132
360
327
725
879
911
163
524
768
256
472
157
921
765
866
404
716
164
838
702
14
442
57
111
829
890
620
815
575
884
320
667
665
82
366
786
14
753
242
808
119
986
282
184
949
1
34
712
358
219
642
68
429
798
23
488
991
89
447
161
187
890
395
707
244
977
936
848
811
415
314
999
156
375
587
655
543
75
798
856
467
566
787
648
71
391
186
153
83
226
543
850
639
423
538
353
949
149
260
946
526
392
124
556
762
72
979
230
403
260
70
700
16
537
286
168
619
521
833
811
699
270
182
524
73
601
70
937
474
429
24
126
289
763
668
371
780
260
388
69
855
749
1
571
947
154
354
504
951
150
224
27
686
149
981
464
244
562
907
254
395
563
646
894
920
358
570
249
934
937
850
631
356
215
935
277
601
190
750
487
852
113
212
748
541
637
231
140
934
77
123
359
88
531
668
905
871
44
20
106
110
237
748
535
270
628
752
878
32
38
516
329
616
689
387
950
668
980
916
279
41
939
609
956
222
843
199
174
473
340
305
290
32
745
798
90
800
576
558
919
284
509
468
512
73
29
654
894
431
756
735
501
209
534
83
806
858
767
337
479
418
662
218
999
179
852
870
660
656
118
474
82
258
956
720
711
412
494
620
537
15
904
437
460
10
583
202
373
365
151
785
675
617
868
633
499
227
611
701
75
137
968
866
495
71
885
386
752
305
615
704
665
422
329
927
484
659
299
912
846
399
552
933
900
327
277
728
65
139
873
741
154
826
67
286
731
645
436
681
402
358
676
221
161
966
854
965
478
463
807
766
606
409
643
689
970
824
934
855
357
131
859
698
204
882
284
423
16
999
252
579
945
189
527
917
359
401
636
254
335
685
384
354
718
933
852
859
523
727
271
620
53
999
293
816
919
348
695
234
489
77
964
560
494
908
171
241
747
446
67
807
166
748
5
810
622
971
901
140
305
746
166
297
890
438
815
315
123
112
849
312
518
21
751
695
909
924
962
948
473
189
217
436
752
982
310
873
450
871
640
436
738
761
662
957
997
26
335
403
379
624
813
887
787
826
851
124
151
824
882
67
847
842
783
84
418
529
101
336
999
488
683
436
315
79
657
17
640
399
31
583
511
333
162
314
815
713
529
86
817
730
366
687
714
604
336
223
723
949
574
82
468
570
284
965
296
786
233
49
671
349
610
436
368
348
316
726
575
771
337
702
334
848
206
493
819
217
640
691
905
428
448
587
553
114
548
26
943
528
968
662
277
66
140
66
181
295
36
878
281
60
535
992
378
419
468
877
773
279
462
163
675
581
600
387
201
498
215
860
28
798
900
650
336
491
792
362
233
536
739
255
92
475
804
421
413
714
910
930
701
798
905
989
815
708
287
488
646
656
736
378
279
639
1
754
968
652
815
445
621
315
199
636
169
244
762
4
652
307
583
360
749
28
803
498
906
66
176
371
774
188
448
763
304
563
162
842
160
825
163
657
755
548
943
760
591
989
714
778
374
85
779
801
547
397
346
955
205
732
231
806
304
419
127
290
422
307
171
263
614
563
519
927
192
323
506
325
658
910
864
385
984
837
529
42
190
244
192
686
77
177
613
282
895
733
497
673
481
892
506
838
910
845
318
535
600
681
309
886
191
701
286
251
868
808
15
870
946
271
470
3
577
908
583
665
910
244
328
572
389
651
564
971
298
718
577
947
273
884
626
406
332
151
871
880
763
213
590
988
1
338
447
468
58
936
132
389
977
244
862
544
548
186
6
324
980
328
744
814
549
515
556
647
816
357
907
153
592
618
411
862
503
364
932
546
686
867
53
403
828
568
898
492
290
253
440
63
663
728
326
324
825
18
482
758
694
669
739
268
64
671
375
19
114
529
254
263
318
661
811
656
344
379
82
771
68
841
171
192
365
445
396
507
471
479
315
563
73
864
140
876
409
302
103
905
744
783
238
207
492
462
777
749
61
672
715
104
397
108
543
359
622
832
264
996
963
855
844
239
631
948
714
814
297
971
213
17
459
208
934
565
168
709
709
136
124
915
88
402
469
907
645
73
880
942
795
50
270
7
719
593
466
912
529
655
501
909
530
816
535
506
575
347
216
144
435
667
41
453
899
226
368
389
559
299
57
855
707
535
223
984
365
405
5
790
825
504
290
172
791
850
338
243
132
442
991
496
861
92
320
382
752
120
271
320
135
465
250
139
296
37
822
915
867
375
274
684
166
548
957
382
249
970
592
861
744
634
404
626
690
271
82
513
463
570
589
242
241
27
342
793
480
286
519
728
473
48
614
606
215
526
402
104
253
592
691
241
238
672
363
316
303
941
304
504
959
302
343
202
102
51
355
706
734
545
855
277
253
700
128
829
346
87
102
508
929
387
495
977
913
870
319
40
811
133
301
559
755
799
56
286
159
704
122
295
665
558
518
877
522
927
733
154
678
824
595
575
552
483
105
171
875
380
309
802
726
546
139
12
560
993
567
882
612
906
709
857
28
987
767
781
846
366
251
714
378
279
907
304
411
842
432
482
773
721
110
444
929
436
728
168
834
966
17
273
791
369
271
88
117
124
703
955
770
148
991
120
418
241
532
230
408
577
270
50
245
105
278
232
454
815
617
355
411
752
37
523
829
467
178
547
945
980
506
57
758
371
475
466
423
838
385
37
89
359
962
474
870
932
123
974
919
625
27
286
277
59
734
89
492
534
962
431
375
196
769
260
619
14
619
485
196
763
385
202
397
383
518
612
593
195
123
921
146
211
222
593
412
547
22
185
435
886
687
288
879
540
10
483
876
209
747
641
640
191
6
294
732
277
960
957
382
873
435
842
749
291
72
408
602
639
73
472
815
175
282
613
101
163
932
144
573
389
299
704
38
110
170
479
848
571
795
256
48
717
98
451
394
892
88
785
453
632
401
461
462
89
